[[3204.66666667 2965.        ]
 [ 551.         1193.6       ]
 [ 950.33333333 4129.58333333]
 [3805.33333333  886.        ]
 [1655.5        2443.        ]
 [4096.06666667 4019.2       ]
 [ 956.14285714  595.57142857]
 [1653.          903.        ]
 [2256.         4092.        ]
 [4036.2        2873.8       ]
 [1757.66666667 3337.66666667]
 [ 348.33333333 3459.66666667]
 [3314.66666667 1290.33333333]
 [3282.33333333  458.66666667]
 [4311.         1527.        ]
 [2737.5        3762.        ]
 [1785.         1463.33333333]
 [2952.66666667 2302.33333333]
 [1655.33333333 4234.        ]
 [2490.         1133.        ]
 [ 191.5         532.5       ]
 [2228.         2628.5       ]
 [1102.         1793.        ]
 [2159.66666667  421.        ]
 [3904.75        480.5       ]
 [3175.         3853.        ]
 [ 782.         2649.5       ]
 [3787.         1782.        ]
 [3353.83333333 4344.33333333]
 [1044.         3326.        ]
 [3575.66666667 3699.        ]
 [ 330.66666667 4214.66666667]]